8            -1.612864719718E-15 -7.806262109725E-03  4.998929271650E-03
8             1.468204583425E-15  7.806262109729E-03  4.998929271650E-03
1             4.435885262985E-03  3.830480338365E-03 -2.713547996852E-03
1            -4.435885262987E-03 -3.830480338368E-03 -2.713547996854E-03
1            -4.435885262984E-03  3.830480338367E-03 -2.713547996852E-03
1             4.435885262984E-03 -3.830480338367E-03 -2.713547996852E-03
8             2.235216780566E-15 -7.744121488238E-03  5.864414571813E-03
8            -5.729058288291E-16  7.744121488237E-03  5.864414571810E-03
1            -1.016908552044E-16  1.243426408695E-03 -6.195433253810E-03
1             1.027171750082E-15 -1.243426408697E-03 -6.195433253808E-03
1            -1.354341206493E-15  6.395525878295E-03  7.591854037617E-04
1             1.055733826864E-15 -6.395525878294E-03  7.591854037610E-04

